0 0 
0 0 
1e-06 0 
1e-06 1e-06 
4e-06 2e-06 
7e-06 5e-06 
1.3e-05 1e-05 
3.1e-05 2.7e-05 
6.6e-05 5.8e-05 
0.000148 0.000129 
bst end

0 0 
0 0 
1e-06 0 
2e-06 1e-06 
6e-06 3e-06 
1.1e-05 8e-06 
2.4e-05 1.5e-05 
5.2e-05 3.6e-05 
0.000112 7.4e-05 
0.000237 0.000267 
treap end

3e-06 0 
2e-06 0 
4e-06 0 
8e-06 1e-06 
1.7e-05 2e-06 
5.3e-05 8e-06 
0.000161 1.6e-05 
0.00055 3.4e-05 
0.000807 0.000112 
0.002501 0.000146 
skip-list end

3e-06 2e-06 
2e-06 3e-06 
5e-06 7e-06 
1.1e-05 1.4e-05 
2.3e-05 3e-05 
4.8e-05 5.9e-05 
9.8e-05 0.000123 
0.000224 0.000248 
0.000413 0.000692 
0.002067 0.001053 
array_of_sorted_arrays end

5e-06 0 
0 0 
1e-06 0 
4e-06 0 
7e-06 2e-06 
1.3e-05 3e-06 
2.5e-05 6e-06 
4.4e-05 4.5e-05 
9.4e-05 3.7e-05 
0.000342 7.3e-05 
hast table end

0 round is end.

0 0 
0 0 
0 0 
0 0 
1e-06 1e-06 
4e-06 3e-06 
8e-06 7e-06 
3.8e-05 1.7e-05 
6.4e-05 4.5e-05 
0.000123 0.000131 
bst end

0 0 
0 0 
0 0 
1e-06 0 
3e-06 2e-06 
7e-06 4e-06 
1.7e-05 1.1e-05 
6e-05 2.3e-05 
0.00015 5.8e-05 
0.000171 0.000175 
treap end

1e-06 0 
1e-06 0 
1e-06 0 
4e-06 1e-06 
8e-06 1e-06 
2.5e-05 5e-06 
7e-05 1.2e-05 
0.000224 2.2e-05 
0.000553 4.9e-05 
0.002329 0.000106 
skip-list end

2e-06 1e-06 
2e-06 3e-06 
5e-06 6e-06 
1e-05 1.3e-05 
2.2e-05 2.7e-05 
4.6e-05 5.6e-05 
9.5e-05 0.000266 
0.00022 0.000272 
0.000459 0.000462 
0.000842 0.000935 
array_of_sorted_arrays end

1e-06 0 
0 0 
1e-06 0 
3e-06 1e-06 
6e-06 1e-06 
1.3e-05 3e-06 
2.6e-05 6e-06 
4.4e-05 1.9e-05 
0.000133 7.4e-05 
0.000258 0.000203 
hast table end

1 round is end.

0 0 
0 0 
0 0 
1e-06 0 
2e-06 1e-06 
5e-06 3e-06 
1e-05 2e-05 
2.2e-05 1.8e-05 
4.6e-05 4.2e-05 
0.000112 0.000245 
bst end

0 0 
0 0 
0 0 
1e-06 1e-06 
4e-06 2e-06 
8e-06 5e-06 
1.8e-05 1.3e-05 
0.000162 3e-05 
9.2e-05 6.6e-05 
0.000204 0.000166 
treap end

1e-06 0 
0 0 
2e-06 0 
6e-06 1e-06 
1.2e-05 2e-06 
5.3e-05 5e-06 
7.8e-05 1.4e-05 
0.000203 2.8e-05 
0.001304 6.9e-05 
0.002658 0.000183 
skip-list end

2e-06 2e-06 
3e-06 4e-06 
6e-06 8e-06 
1.2e-05 2.1e-05 
2.3e-05 2.9e-05 
4.8e-05 6.4e-05 
9.5e-05 0.000113 
0.000197 0.000233 
0.000428 0.000495 
0.000838 0.001058 
array_of_sorted_arrays end

2e-06 0 
0 0 
1e-06 0 
6e-06 0 
1e-05 2e-06 
1.4e-05 4e-06 
2.5e-05 7e-06 
8.1e-05 2.1e-05 
0.0001 6.1e-05 
0.000214 7.6e-05 
hast table end

2 round is end.

0 0 
0 0 
0 0 
0 0 
1e-06 1e-06 
3e-06 3e-06 
7e-06 7e-06 
1.7e-05 1.6e-05 
3.7e-05 3.4e-05 
8.2e-05 7.8e-05 
bst end

0 0 
0 0 
0 0 
1e-06 0 
3e-06 2e-06 
6e-06 4e-06 
1.5e-05 1e-05 
3.4e-05 2.4e-05 
7.4e-05 5.4e-05 
0.000159 0.000123 
treap end

0 0 
0 0 
2e-06 0 
4e-06 0 
9e-06 2e-06 
2e-05 5e-06 
6.8e-05 1.3e-05 
0.000171 2.7e-05 
0.000558 6.8e-05 
0.002214 0.000108 
skip-list end

1e-06 1e-06 
2e-06 3e-06 
5e-06 6e-06 
1.1e-05 1.3e-05 
2.2e-05 2.7e-05 
4.6e-05 5.5e-05 
0.00011 0.000112 
0.000314 0.000277 
0.000538 0.000951 
0.002394 0.001531 
array_of_sorted_arrays end

3e-06 0 
0 0 
1e-06 0 
4e-06 0 
6e-06 1e-06 
1.4e-05 3e-06 
2.5e-05 7e-06 
4.5e-05 1.9e-05 
9.3e-05 3.8e-05 
0.000206 7.1e-05 
hast table end

3 round is end.

0 0 
0 0 
0 0 
0 0 
1e-06 1e-06 
3e-06 4e-06 
8e-06 9e-06 
1.7e-05 2e-05 
3.7e-05 4.5e-05 
8e-05 0.0001 
bst end

0 0 
0 0 
0 0 
1e-06 1e-06 
3e-06 2e-06 
7e-06 4e-06 
1.6e-05 1.1e-05 
3.3e-05 2.3e-05 
8e-05 5.7e-05 
0.000173 0.000126 
treap end

1e-06 0 
1e-06 0 
1e-06 0 
5e-06 0 
8e-06 1e-06 
2.6e-05 4e-06 
6.1e-05 9e-06 
0.000188 2.3e-05 
0.000554 4.8e-05 
0.002291 0.000109 
skip-list end

2e-06 1e-06 
2e-06 3e-06 
5e-06 6e-06 
1.1e-05 1.4e-05 
2.3e-05 2.8e-05 
4.7e-05 5.7e-05 
9.8e-05 0.000116 
0.000202 0.000251 
0.000432 0.000473 
0.001004 0.001119 
array_of_sorted_arrays end

1e-06 0 
1e-06 0 
8e-06 0 
3e-06 0 
6e-06 1e-06 
1.3e-05 3e-06 
2.6e-05 7e-06 
4.5e-05 1.9e-05 
9.9e-05 3.6e-05 
0.000182 7.2e-05 
hast table end

4 round is end.

0 0 
0 0 
0 0 
0 0 
1e-06 1e-06 
4e-06 3e-06 
9e-06 7e-06 
2e-05 1.6e-05 
4.7e-05 3.6e-05 
9.7e-05 7.7e-05 
bst end

0 0 
0 0 
0 0 
1e-06 1e-06 
3e-06 2e-06 
6e-06 4e-06 
1.5e-05 1e-05 
3.4e-05 2.4e-05 
7.8e-05 5.6e-05 
0.000169 0.000178 
treap end

1e-06 0 
0 0 
2e-06 0 
4e-06 0 
8e-06 2e-06 
2.1e-05 4.2e-05 
0.000118 1.2e-05 
0.000173 2.9e-05 
0.000702 6.4e-05 
0.003061 0.000137 
skip-list end

3e-06 2e-06 
2e-06 3e-06 
5e-06 6e-06 
1.1e-05 1.3e-05 
2.2e-05 2.7e-05 
4.6e-05 5.6e-05 
0.000125 0.000138 
0.000198 0.000231 
0.000428 0.00047 
0.00115 0.001209 
array_of_sorted_arrays end

2e-06 0 
0 0 
1e-06 0 
3e-06 1e-06 
6e-06 1e-06 
1.2e-05 3e-06 
2.5e-05 7e-06 
4.4e-05 1.8e-05 
9.1e-05 3.7e-05 
0.000184 7.1e-05 
hast table end

5 round is end.

0 0 
0 0 
0 0 
0 0 
1e-06 1e-06 
3e-06 3e-06 
1.5e-05 8e-06 
1.9e-05 2.1e-05 
4.2e-05 4.5e-05 
9.3e-05 0.0001 
bst end

0 0 
0 0 
0 0 
1e-06 0 
3e-06 2e-06 
6e-06 4e-06 
1.5e-05 9e-06 
3.3e-05 2.4e-05 
7.6e-05 5.4e-05 
0.000165 0.000121 
treap end

1e-06 0 
0 0 
2e-06 0 
4e-06 0 
1.4e-05 2e-06 
3.4e-05 4e-06 
8.6e-05 9e-06 
0.000227 2.2e-05 
0.000737 5.2e-05 
0.003246 0.000227 
skip-list end

3e-06 2e-06 
3e-06 4e-06 
6e-06 8e-06 
1.4e-05 1.7e-05 
2.8e-05 5.9e-05 
6.4e-05 9.2e-05 
0.000128 0.000188 
0.000264 0.000382 
0.00058 0.000684 
0.001119 0.000946 
array_of_sorted_arrays end

2e-06 0 
1e-06 0 
1e-06 0 
3e-06 1e-06 
6e-06 1e-06 
1.2e-05 3e-06 
2.5e-05 6e-06 
4.4e-05 1.7e-05 
9.1e-05 3.5e-05 
0.000182 7.2e-05 
hast table end

6 round is end.

0 0 
0 0 
0 0 
0 0 
1e-06 1e-06 
3e-06 3e-06 
8e-06 7e-06 
1.8e-05 1.6e-05 
3.8e-05 3.5e-05 
8.1e-05 7.8e-05 
bst end

0 0 
0 0 
0 0 
1e-06 0 
3e-06 1e-06 
7e-06 4e-06 
1.6e-05 1e-05 
3.5e-05 2.2e-05 
8.2e-05 5.5e-05 
0.000183 0.000119 
treap end

1e-06 0 
1e-06 0 
1e-06 0 
4e-06 0 
1.2e-05 1e-06 
2.6e-05 4e-06 
7.1e-05 9e-06 
0.000254 3.2e-05 
0.000819 6.3e-05 
0.002645 0.00012 
skip-list end

2e-06 1e-06 
2e-06 3e-06 
5e-06 8e-06 
1.1e-05 1.7e-05 
2.2e-05 3.5e-05 
4.6e-05 5.7e-05 
9.5e-05 0.000114 
0.000323 0.000357 
0.000648 0.000526 
0.000842 0.000957 
array_of_sorted_arrays end

2e-06 0 
0 0 
1e-06 0 
3e-06 0 
6e-06 1e-06 
1.3e-05 3e-06 
2.4e-05 6e-06 
4.3e-05 1.9e-05 
8.9e-05 3.6e-05 
0.00018 7.1e-05 
hast table end

7 round is end.

0 0 
0 0 
0 0 
0 0 
2e-06 1e-06 
4e-06 4e-06 
1e-05 1e-05 
2.1e-05 2e-05 
4.5e-05 4.6e-05 
0.000102 0.000105 
bst end

0 0 
0 0 
0 0 
1e-06 0 
2e-06 2e-06 
7e-06 4e-06 
1.5e-05 9e-06 
3.4e-05 2.3e-05 
7.5e-05 5.4e-05 
0.000212 0.000156 
treap end

0 0 
1e-06 0 
1e-06 0 
4e-06 1e-06 
1.1e-05 2e-06 
2.7e-05 5e-06 
8e-05 1.2e-05 
0.000233 2.8e-05 
0.000551 6.8e-05 
0.003138 0.000111 
skip-list end

3e-06 4e-06 
2e-06 3e-06 
5e-06 7e-06 
1.4e-05 5.1e-05 
2.4e-05 7.2e-05 
5.8e-05 6.9e-05 
0.000139 0.000169 
0.000258 0.000324 
0.001048 0.000708 
0.00089 0.001117 
array_of_sorted_arrays end

2e-06 0 
0 0 
1e-06 0 
3e-06 0 
6e-06 1e-06 
1.3e-05 3e-06 
2.5e-05 6e-06 
4.4e-05 1.8e-05 
9.8e-05 3.6e-05 
0.000203 7.1e-05 
hast table end

8 round is end.

0 0 
0 0 
0 0 
0 0 
1e-06 2e-06 
4e-06 4e-06 
9e-06 9e-06 
2.1e-05 2.1e-05 
4.5e-05 4.6e-05 
0.000101 0.000101 
bst end

0 0 
0 0 
0 0 
1e-06 0 
3e-06 2e-06 
6e-06 5e-06 
1.6e-05 1e-05 
3.7e-05 2.4e-05 
8.7e-05 5.4e-05 
0.000179 0.000125 
treap end

0 0 
1e-06 0 
2e-06 0 
6e-06 1e-06 
1.2e-05 2e-06 
3.3e-05 5e-06 
9.5e-05 1.4e-05 
0.000288 3.1e-05 
0.000704 5.9e-05 
0.003282 0.000163 
skip-list end

2e-06 2e-06 
2e-06 3e-06 
5e-06 7e-06 
1.2e-05 1.5e-05 
2.4e-05 3e-05 
5.1e-05 6.2e-05 
0.000121 0.00014 
0.000197 0.000284 
0.000502 0.000785 
0.001225 0.000974 
array_of_sorted_arrays end

1e-06 0 
0 0 
1e-06 0 
3e-06 0 
6e-06 2e-06 
1.3e-05 3e-06 
2.5e-05 6e-06 
5.5e-05 1.8e-05 
9.4e-05 6.5e-05 
0.000191 7.5e-05 
hast table end

9 round is end.

